Temperature test Thu Aug 11 17:18:32 UTC 2022
Device: raspi-e4:5f:01:56:d9:0a
40407
36998
35537
36998
36511
36511
36511
36511
36998
36511
36998
37485
37972
37485
38459
37972
37972
38459
37972
38459
38459
39433
38946
39433
39920
39920
40894
39433
40407
39920
40407
40407
39920
40894
40407
40407
41381
40894
41381
41381
40894
40894
41868
41381
40894
41381
42355
42355
41381
41868
42842
40894
42842
41381
41868
42355
41868
42355
42842
42842
42355
42842
41868
42842
42842
42355
42842
42355
43329
43329
42842
41868
43816
42355
43329
41868
42842
42842
43329
42355
43329
42842
42842
43329
42842
42355
43329
42842
43816
43329
41868
42842
42842
42842
42842
43816
42842
43329
43329
43329
43329
42842
43329
43816
43329
42842
43816
44303
42842
43816
42355
44303
43329
43816
44790
44790
43329
43816
43816
44303
43816
44303
44790
43816
42842
43816
42355
43329
43329
41868
41868
42842
41381
40894
40894
42355
41381
40407
41381
40894
41381
40894
41381
41381
41381
41381
41381
41868
42842
41868
40894
42355
41868
42842
42355
41868
42355
42842
42355
43329
43329
43816
43329
43816
43816
42842
42842
43329
42355
43329
43816
42842
42842
43329
43329
43816
43816
44303
43816
43329