    Temperature test Thu Aug 11 17:41:25 UTC 2022
    Device: raspi-e4:5f:01:56:d6:ce
    39433
    36998
    35537
    36024
    35537
    36024
    35537
    35537
    35050
    36024
    36998
    36998
    36998
    37485
    38459
    37485
    37972
    37972
    37972
    39433
    38946
    39433
    39433
    39433
    39920
    39920
    38946
    39920
    39920
    40894
    41381
    40407
    41381
    41381
    40894
    41381
    41868
    41868
    41381
    42842
    42842
    42842
    42842
    42842
    42842
    42842
    43816
    42355
    44303
    42842
    44303
    44303
    44303
    43816
    44790
    44790
    44303
    44790
    45277
    44790
    45277
    43329
    45277
    45764
    44790
    45764
    45764
    45764
    45764
    46251
    46251
    46251
    45764
    46738
    47225
    46738
    46251
    47225
    46251
    46251
    47225
    46738
    47225
    47225
    48199
    47225
    47225
    47712
    47712
    48199
    47712
    48199
    49173
    48199
    48199
    49173
    48199
    48686
    49660
    48686
    49173
    49660
    47225
    48199
    48686
    49173
    49660
    49660
    49173
    49660
    48199
    48686
    50147
    49660
    50147
    53069
    50634
    50634
    51121
    50634
    51121
    51121
    50634
    50147
    50634
    51608
    50147
    51121
    52095
    50634
    50634
    51121
    51121
    51608
    51121
    50634
    51121
    51121
    52095
    52582
    50634
    51608
    52095
    52095
    51608
    51608
    51608
    52095
    52095
    52095
    52582
    51608
    51608
    51608
    52095
    53069
    52095
    53069
    52095
    52582
    52095
    52582
    53556
    52095
    52582
    52095
    52095
    51608
    53069
    52582
    51608
    52582
    53556
    53069
    52582
    52582
    54043
    52582
    53556
    53556