Temperature test Thu Aug 11 17:18:19 UTC 2022
Device: raspi-e4:5f:01:56:d5:2b
36998
36511
40407
35537
35537
35050
35537
35537
34563
35050
36024
35050
36511
36998
36024
36024
36024
36511
36511
36998
36511
36511
36511
36511
36998
37485
36998
37972
37972
37485
38459
37972
37972
38946
38946
38459
37972
38946
37972
39433
38459
37972
38946
39433
38946
39433
39433
39433
38946
39920
38946
39433
39920
39920
40407
40407
39433
39920
41381
39920
39433
40894
40894
39920
39433
40894
39920
39920
40407
40894
40894
40407
41868
41381
40894
40894
40407
41381
40894
41381
41868
40894
41381
41381
40894
42355
41381
41381
41381
41381
41868
41868
41381
41381
42355
41381
42355
42842
40894
42842
42842
42842
41868
41381
42355
41868
42355
42842
41868
42355
42355
41381
41868
42842
42842
42842
42842
42355
42355
42842
41868
42842
42355
42842
42355
42842
42842
42842
43329
43329
43816
43329
43816
42842
42355
43329
43329
42842
43816
43816
43816
43816
42842
43329
42842
43329
42355
42355
42842
43329
42355
43329
43816
43816
43329
43816
43816
42842
43816
44303
42842
43816
42842
43329
43816
43816
43816
43816
43816
44303
44303
43329
44303
43329
43329
43329
43816
43329
43816
42355