Temperature test Wed Aug 10 21:56:14 UTC 2022
Device: raspi-e4:5f:01:56:d5:2b
36024
35050
34563
35537
35537
35050
35537
35537
35050
35050
35537
35537
35537
35537
36511
36024
36998
36511
36511
36511
37485
36511
36511
37485
37485
37485
37485
38459
37972
36998
38946
38459
37972
38946
38946
38459
39433
38459
38459
39433
39920
39433
38946
39920
39433
38459
39920
39433
39433
39920
39920
40407
39920
39920
40407
39920
40407
40407
39920
40407
41381
40894
40407
40894
40894
40407
41381
39920
40894
40894
42355
40407
41868
40894
42355
41868
42355
42355
41381
41381
41868
42355
41868
42842
42355
42355
42355
41868
41868
41868
42355
41381
42355
42842
42355
42842
42355
43329
41868
43329
43329
42842
42842
41868
42355
42842
41868
43329
43329
42355
42355
41868
42842
43329
42355
43329
42355
42842
44303
44303
43816
43816
43329
43816
43816
43329
44303
43816
43816
43329
43329
42842
43329
42842
43816
43816
44303
42842
43329
44790
43816
44303
43816
44303
44303
43816
44303
44303
44303
43816
44303
44790
44303
43329
44303
44303
43816
45277
43816
44790
44303
43816
43816
43816
45764
44790
44790
44303
44790
45277
43816
44790
44303
45277
44303
44790
44303
44790
45277
44790