Temperature test Tue Aug  9 17:32:27 UTC 2022
Device: raspi-e4:5f:01:56:d5:2b
45764
58913
63783
66218
66218
68653
69140
70114
71088
72549
73036
73523
74497
74984
74497
75471
75471
76445
77419
76932
76445
77419
78880
78880
78393
79854
79854
79854
79854
81315
81315
80341
81315
81802
81802
81802
81802
82289
82289
81802
81802
81802
81315
82776
82776
82776
82289
81802
82776
82289
81802
82776
82289
82776
82776
83263
82776
82776
82289
82289
82776
83750
83263
82776
83263
83263
82289
83263
82289
83263
83750
83750
82776
83263
84237
82776
82776
82776
84237
82776
83263
83263
82289
82776
83750
83750
82776
84237
83263
83263
83263
83263
83263
83750
83750
82776
84237
83263
83750
84237
83263
83263
83263
82289
83750
83750
83750
83263
83750
83750
83263
82776
83263
83750
83263
82776
82776
83263
82776
83750
81802
82776
83263
84724
83750
83750
83263
82289
83750
84724
83750
83263
82776
83263
83750
84237
83750
83750
84237
83750
82776
83263
83263
84237
83750
83750
83263
83750
83750
83263
83750
84724
83750
83750
84237
82776
84724
82776
84237
83263
82776
83263
83263
83263
83750
84724
82776
84237
83263
83263
83750
84237
84237
83750
82776
83263
83750
83263
84237
83750