Temperature test Wed Aug 10 00:39:35 UTC 2022
Device: raspi-e4:5f:01:56:d6:ce
58913
73036
76445
78880
80828
80828
81315
81802
83263
83263
82289
81802
83263
81802
83263
83750
83263
83263
83263
82776
82776
83263
84237
83750
83263
84237
83263
83750
83750
83750
83750
83750
83750
82776
83750
83750
83263
83263
84237
84237
83263
83263
84724
84724
84724
85211
84724
84237
83750
84237
84237
83750
84237
83750
83750
85211
83750
83750
85211
83750
83750
84724
84724
85211
83750
85211
84237
84724
83263
84724
83750
85211
83750
84724
84237
83750
84237
84724
84724
83750
83750
84724
84724
85698
85211
83750
84724
84724
83263
84237
84724
83750
84724
83750
84237
84237
84724
84724
84237
83750
85211
84237
84237
84237
84724
84724
84237
84724
85211
84724
85211
84724
84724
83750
83750
84237
83263
84237
85211
84724
84237
85211
85211
84237
84237
84237
85211
84237
85698
83263
84237
83263
84237
84237
85211
84237
85211
84724
84724
84237
84237
83750
83750
85211
85211
84724
84724
84724
83263
84237
84237
83750
84724
84237
84724
84724
83263
83750
84237
84237
84237
85211
84724
83750
84724
85211
83750
83750
83750
83750
84724
84724
84724
84724
85211
85211
84237
83750
83750
84237