Temperature test Wed Aug 10 00:45:49 UTC 2022
Device: raspi-e4:5f:01:56:d5:2b
47712
61835
65731
67192
70114
69627
71575
72549
74010
74497
74497
75471
76445
77419
76932
77906
78393
78880
78880
79854
79367
80341
81315
80828
80828
81802
81802
82289
83263
82776
81315
81802
82289
83263
82289
82289
83263
82776
82776
82776
82776
83263
83263
83263
83263
83263
83750
83750
83263
83263
82289
83263
83263
83263
83750
83263
82776
83263
82776
82776
83263
83750
83750
82289
82776
83263
82776
83263
82776
83263
84237
83263
83263
83263
83263
83263
83750
84237
83750
83750
84237
84237
83750
84237
83750
83263
84237
83750
84724
84724
83263
84724
83750
84724
84237
84724
84724
84237
83750
83750
84724
83750
84724
84724
83750
83263
84237
84724
84237
84237
84237
84237
84237
84237
83750
84237
84237
83750
84237
83263
84724
83750
84237
84237
84724
84724
84237
84237
84724
83750
84237
84724
83750
84237
84724
84237
83750
83750
83750
83750
83750
84237
83750
84237
84237
83263
84724
83263
84724
84724
83750
83263
84237
84724
84237
83750
84237
84724
84237
84724
84724
84724
83750
82776
84237
84237
83263
83263
83750
84237
84237
83263
83750
83750
86185
84237
84237
84724
83263
83263