Temperature test Tue Aug  9 17:39:50 UTC 2022
Device: raspi-e4:5f:01:56:d6:ce
41381
55504
57939
59887
59887
60374
59887
60861
60374
60861
60861
60861
60861
61835
60861
59887
60374
61348
60374
60374
61835
60374
61348
60861
61348
60374
60861
60374
60374
59400
60861
60861
61348
60861
60861
60861
60861
60374
60861
61348
60374
60861
60374
60861
60861
61835
61348
61835
61348
59887
60861
60861
60861
60861
61348
60374
60861
59400
60861
60861
60374
60861
61348
60861
60861
60374
60861
61348
60861
61348
61348
60861
61348
60374
60374
60374
61348
61835
61348
61348
60861
60861
61348
61835
60861
60861
60861
60861
61348
60861
60861
60861
60374
60374
60861
60374
60374
61348
60374
61348
59887
59887
60861
60374
59887
60374
60861
60374
60861
59887
59887
60861
60861
60374
60374
59887
60374
59887
61348
61348
60861
60374
60374
60374
60374
59400
60374
60374
61348
61835
60861
60374
60861
62322
60861
61835
60374
61835
61835
60374
61348
60374
61348
61835
60374
60374
60374
61835
60374
61348
60374
60374
60374
59887
61348
60374
60861
60861
60861
60861
60861
60861
60861
59887
60861
61348
59887
60374
61348
61835
61348
61348
60861
59400
59887
59400
60374
60861
60374
60861